368.281855412 320.381707104
568.880961854 478.744932653
180.2047854 568.998813594
264.560723353 435.434097025
485.552760458 426.701538395
379.083520194 514.679943965
333.483012472 369.550447828
215.56056265 165.198845128
421.820169805 276.594538679
520.428616535 219.537026531
363.129190068 281.27123488
422.210047931 184.459359187
135.000691466 372.041012061
423.371699791 426.266431087
532.946617967 568.794725636
371.022539803 133.916862373
325.766737629 512.943305135
277.620369864 315.820415121
319.954361698 471.154906569
172.187031881 276.176692562
466.031084646 586.610364319
229.275455379 262.707272772
465.163478959 484.961303737
518.857471655 467.664853485
463.357046745 234.738576471
183.953646019 466.494879109
366.203106092 572.748230982
162.532136425 534.684443833
369.085410394 215.407057835
217.621763315 127.430121635
575.651932328 181.615834598
436.782985176 113.628413735
364.108470579 482.887134029
468.881101526 265.452264305
562.862103297 227.650473737
282.848156117 582.144655142
268.526217005 178.094206282
517.099299061 177.90839308
119.447230861 466.480931922
333.129834955 276.474918995
385.507003345 184.291689329
537.268006477 379.153632863
118.189248979 179.425128974
133.896391338 527.112982629
280.694614501 530.533689886
525.709099155 534.061001974
217.164114943 464.082843521
573.474917444 566.711439464
221.147256403 570.679349738
181.671562926 234.112592845
185.028004086 335.365884449
322.910263146 570.642332917
164.574088207 382.393847887
579.867433226 365.761542048
263.833961455 136.266519819
515.495927674 425.362700089
284.563445532 363.00234033
436.262105491 479.335712255
430.520080166 384.905211703
317.361289752 428.625428909
112.67836946 227.149368328
313.266798775 224.037797907
387.4943543 421.094494097
279.718716085 283.040022877
213.323108961 532.268946504
517.947842028 322.974795529
130.290344564 587.161437044
320.937350684 130.284706374
573.664071627 125.517930737
168.835887264 119.200462216
227.026233757 422.027910077
469.19761778 326.509088814
234.580704489 383.390193637
216.933401919 318.004846258
168.782807554 165.44726471
577.626046799 422.587125003
131.579289473 316.850599033
478.239884154 133.377717946
414.757632641 327.935216962
336.020077746 166.473311664
563.351851307 271.497741815
530.400150293 268.670422886
472.269816047 174.309018431
416.618107259 568.183338856
414.614894789 525.566225291
284.03249024 216.465082225
435.372415732 221.235336195
567.408030627 331.06156848
221.464905558 224.964988237
569.040496145 532.900463928
375.53283886 384.120570824
519.297956585 119.383205264
130.184225822 265.818723581
264.835930948 474.062297902
183.393443062 432.056035352
472.010933036 532.507267771
319.360299912 323.361298724
468.660908043 367.65399221
123.690297603 116.204678943
116.283877797 434.074093615
